4178 2.592 1.445 192 0.21243285275703255 0.11177173570443773 0.970762258314118
925 2.443 0.614 0 0.8511526326288119 0.461433102247719 0.2502372636500985
5886 2.364 3.0 -263 0.8884851556682168 0.45673531786336447 -0.044575526620287714
9490 3.017 1.325 -142 0.26011121265645637 0.15190838644388505 0.9535544028414965
9518 1.52 2.753 -181 0.56273615721396 0.7609831824098967 0.32285076034194354
6828 2.101 2.31 -295 0.2050745507697713 0.7651479112882724 0.6103221300901439
3103 0.127 2.123 -309 0.4621530339828628 0.3481465176436091 0.8156031972920799
1686 2.163 1.992 192 0.21653976529905444 0.5726290752195384 0.7906999887804771
5017 1.762 0.237 -360 0.9878411175102497 0.15523246667141286 0.008532751444267767
4847 2.775 3.028 -228 0.052360342899758196 0.9980065026202943 0.03523372275290267
1314 0.448 0.694 237 0.14046808535471178 0.8931490035626132 -0.42726288679440966
2256 2.265 1.802 21 0.15142279963053745 0.4025720781935075 0.9027773023348619
6700 2.798 2.61 -278 0.8246738292061072 0.42584272968153747 -0.37225131967518016
2575 2.189 1.316 191 0.38086416974786147 0.5160781034641672 -0.7672065402009425
2309 0.339 1.206 317 0.32998763002667464 0.13678057371606342 -0.9340231467599093
2654 2.435 3.038 347 0.6071686176895166 0.7945531324425382 0.005620446490455862
8631 2.508 1.291 -302 0.6192419778404409 0.5933261943657369 0.5142989402669724
9012 1.883 1.24 -242 0.33222552608995704 0.4131933901109043 -0.8478781882929348
7328 2.896 0.919 -258 0.5824448287155103 0.5989399315481095 0.549571633092271
3203 1.21 0.578 -325 0.13638055366861848 0.831333475376529 -0.5387810290827094
3336 1.48 0.104 253 0.3641701674079725 0.9259806596046046 -0.09969908328701213
3553 1.443 2.189 108 0.4591164351723561 0.477961187999739 0.7488425747248255
3943 0.222 2.876 -316 0.16956312268865373 0.9800492530639734 0.10369093013769529
7507 0.58 1.068 -93 0.13784150093163133 0.5888175760741362 -0.7964255035639516
3030 3.024 0.008 93 0.9590625867806226 0.2830986999016471 0.007353961630161605
3040 2.139 1.766 -258 0.6758832509153923 0.5472993840603276 0.4936043104949822
8494 1.151 2.94 104 0.9834012587176276 0.14506586741807123 0.10898558832629447
7924 1.89 2.266 146 0.8731719910429137 0.4509934375730733 0.18486642021788735
4486 0.68 2.249 42 0.5481949884835299 0.31488593536568793 0.774809074747075
3995 2.502 1.595 33 0.037379483588606564 0.009718515803883878 -0.9992538839840548
7202 2.969 1.578 177 0.0025660101043918073 0.0565988085121456 0.9983937051419894
7123 0.053 3.071 149 0.788623697686847 0.6121365613147205 0.057978390358078724
5023 0.459 3.005 -127 0.2119153814592154 0.9735496532189438 0.08539873428962079
9398 0.371 2.681 -130 0.19888525940025897 0.9443912908531025 0.26185825049843797
8641 0.042 1.749 250 0.17027180911794002 0.13530855451327728 0.9760630646096754
8819 2.693 1.607 -204 0.08341021165825206 0.09041560619714355 -0.9924050356316864
6267 2.977 2.139 -308 0.3914619516169334 0.8329454911662985 -0.3911001779365431
1291 2.544 0.849 -317 0.7830688919379529 0.2888675578103471 0.550780032793267
5912 1.807 1.158 33 0.2078691739586432 0.4429039766184507 -0.8721390221824239
3285 0.548 0.34 45 0.7333188324327671 0.5939406004922031 -0.33087467882327376
1960 1.858 1.483 163 0.08015571519640934 0.11455610844764234 -0.9901777412862218
97 2.8 2.213 -116 0.06417865330851538 0.9384349880082771 0.3394420035019387
8706 0.626 0.558 -343 0.8720406655707744 0.10251321619613771 -0.47857718091861046
460 2.634 0.283 351 0.4839756678117684 0.8750811766579545 -0.0006980151018641385
3905 2.809 0.746 -144 0.7348571660698078 0.4522154283366108 0.5054563797699921
1876 2.478 1.042 192 0.7320474286673625 0.4569917759620874 0.5052376459494285
3853 0.329 0.738 188 0.7394862437328407 0.09972685431377369 -0.6657436818014671
9542 1.203 1.268 337 0.06941036663486715 0.29255507646808576 -0.9537262333795615
1307 1.562 1.62 -286 0.10936176884826837 0.04793100272024419 0.9928457193807152
9069 0.004 1.593 116 0.02212935275642342 0.017342126460691984 0.999604693064415
7318 2.346 1.352 -209 0.17290073350355198 0.44322473059035383 -0.8795778388221488
6191 2.029 2.498 264 0.9110862420619399 0.4114249872670107 -0.025521351409989245
2704 2.542 0.685 -135 0.6188860142020975 0.7834662584716501 0.05622031004427873
8917 1.594 1.115 -356 0.02580599281433274 0.440609158247148 -0.8973280450334795
7914 0.01 3.131 46 0.8489584319718607 0.5283821571375357 0.009048580140771196
965 2.86 0.573 -184 0.6599226069287973 0.6954571451939332 0.28432641815878534
4064 1.632 2.354 250 0.9323473009039329 0.2823786752333431 0.22581141306544592
9419 2.922 1.131 -325 0.3786813469151487 0.8351916479759987 0.3988174377452225
9735 1.829 1.113 -95 0.08651690843967336 0.4703850712940729 -0.8782099460024985
3210 2.967 0.678 52 0.7177918378586562 0.48271069914500503 0.5017621532503553
203 2.837 0.137 335 0.8036897983483756 0.5894646382513428 0.08132741408627889
129 2.806 0.946 -146 0.26361789164546534 0.960105509947381 -0.09328996180232439
8517 1.774 2.776 -181 0.7073125290584974 0.6781339466854941 0.19960795723023592
1585 2.431 0.571 167 0.804562361750644 0.5743245649036056 0.15109831303661178
8539 1.357 1.426 140 0.012159360891619815 0.1449862831490914 -0.9893589478249636
459 2.121 1.965 -214 0.23711778647823023 0.5396516753980566 0.8078064276642858
6297 0.253 0.911 -264 0.25860587376053207 0.7772901998014436 -0.5735354804623545
4510 2.821 0.233 57 0.6238792963628197 0.7771656532435653 0.08239035737472851
5501 1.06 1.082 207 0.4465245205655162 0.26987128199298327 -0.8531033604957841
2481 0.189 0.293 277 0.7988644927583578 0.5388785823095921 -0.2672553006732251
7358 0.523 0.511 -15 0.6551175967324175 0.582383780072173 -0.4813003918140817
1021 1.923 3.119 118 0.8504730284968419 0.5259991798531597 0.0045266536440521105
5345 1.931 0.84 15 0.8922938614379198 0.43858449426273577 -0.10702946431944271
5992 2.594 1.62 -217 0.10264645933699026 0.0745089102774227 -0.9919234479912503
504 2.162 0.751 193 0.8152347035597406 0.5786206870070976 -0.024299767062590964
5805 0.349 1.227 42 0.25878500051193565 0.2621736046873712 -0.9296748488128888
7101 0.266 0.008 -298 0.5577771822839492 0.8299686755423314 -0.006050829851030982
2349 1.049 2.907 -185 0.14153289856021825 0.9658622356040716 0.21697599051288577
8598 0.426 0.969 -335 0.04781823156876765 0.8265942121127141 -0.5607632523903444
7679 1.997 2.389 -58 0.8475759949291392 0.5183225357624888 0.11382742086432117
4055 2.825 1.942 32 0.42103558486716536 0.8311997924207861 -0.36309219401579806
1059 0.285 3.102 346 0.908947986577597 0.4150647316963829 0.039176857943716586
9113 1.986 1.41 239 0.33262094158000277 0.3048213927668797 -0.8924389210103356
5730 1.352 1.967 -124 0.2534203252053466 0.3328851069431954 0.9082761938684916
2454 0.687 1.688 -234 0.01110447863061642 0.16941805889234884 0.985481715647475
4209 1.001 2.641 48 0.9556605452222832 0.02473070882235895 0.2934302546544782
7587 1.669 0.884 194 0.7751261298563054 0.44549625620358024 -0.44800956298117117
7689 1.817 2.948 -347 0.3528060021358199 0.92217758991058 0.15848159995297173
4998 0.914 2.131 184 0.44725593381598483 0.31743480196287377 0.836180169681859
894 1.302 0.417 211 0.9905480328576268 0.03664517215165689 -0.13218065652681993
7438 2.776 1.273 -54 0.048329362265649906 0.720314738399947 -0.6919616682929853
4889 3.139 2.525 222 0.19984303974802595 0.9697945517764501 -0.13986167026381213
471 0.46 2.032 -142 0.4073143223755117 0.18012775609418055 0.895348554626774
797 2.029 2.213 -292 0.5409430721818804 0.6798110760053533 0.4952145934833428
3001 2.621 2.587 244 0.21581346460142933 0.9597505101746631 0.17973176323677914
3221 0.58 0.343 -177 0.6093622924023486 0.7238148223431425 -0.32368147854722795
4436 1.266 1.576 -242 0.0006739513549074372 0.005243057941697055 0.9999860279688868
8538 2.336 0.798 -10 0.8612549087902164 0.1898659676959323 0.47137129356341095
8654 1.854 1.262 -34 0.3789922313639361 0.38922908394874384 -0.8395627485627304
6058 2.233 2.617 -55 0.038753600633749705 0.91419423605012 0.403419207785967
1414 1.125 2.563 -213 0.6536806828421777 0.5569724213777271 0.5123312275311899
4284 0.387 2.92 -288 0.9097828109121909 0.3521431457493381 0.21975086318481876
9786 3.072 0.067 14 0.23573720482875665 0.9717517715442492 0.011245655167132532
1950 2.788 0.145 -134 0.9857912214777504 0.10680896323115359 0.12964379287451736
4683 1.508 2.018 -47 0.9812005833261389 0.029924647390333712 0.19065657806382913
31 1.769 2.081 103 0.9509672267900858 0.2734672141943895 0.14448881040389705
6369 0.898 0.553 182 0.6815577699580924 0.5211215356602078 -0.51372302973577
313 1.015 1.995 220 0.25029801246438815 0.3286909834351609 0.9106663177941763
5756 0.348 0.182 -152 0.904417482594281 0.38648136626782675 -0.18072401806505217
782 2.873 1.926 -93 0.4081707270471862 0.25956431957158893 -0.875227411354963
5675 0.979 1.149 -25 0.16399200762141744 0.381603799207896 -0.9096621141206204
2716 0.879 1.006 2 0.06594053400299271 0.6008580642790063 -0.7966313027783215
1397 3.094 0.336 -91 0.8020979207906402 0.5321800308989962 0.2709674153393269
2574 1.213 1.893 -323 0.19938097840186372 0.2619916896534769 0.9442497445083222
763 2.291 1.899 195 0.6817352887939397 0.2948575121610703 -0.6695491345190643
3265 2.78 2.43 64 0.2808819998856234 0.9575015416680901 0.0655446400820349
1627 0.671 1.125 173 0.2783903493971903 0.33979033213214654 -0.8983547982573676
9996 2.107 2.456 271 0.8476677229051186 0.5302014346776067 0.018597586151396447
1483 1.122 3.14 264 0.7386538987305972 0.6740832547361283 0.0014776922672504087
7897 1.553 0.843 181 0.10884799848060162 0.6602512280047366 -0.7431153538617031
8813 2.567 1.89 160 0.02124944351169787 0.5432220026991221 0.8393201516310677
8715 3.044 1.768 -224 0.1981411715630733 0.014159539851231664 -0.9800712135160455
4299 1.288 0.811 95 0.9471832362132051 0.03961481986596129 -0.3182366777787676
9541 2.865 0.499 -276 0.7289504659821974 0.6201604295644152 0.2898831829320522
8481 0.093 1.215 -323 0.27392234410991023 0.4545853767685558 -0.8475368337868991
9299 1.189 0.733 26 0.8272160548855738 0.26248782441035445 -0.49680352311136666
5267 2.839 2.627 123 0.21661092110865832 0.9751073321434257 0.04738564821324658
9673 0.557 1.807 -176 0.12516698269653478 0.2376034862422523 0.9632641433003584
9479 1.755 1.526 89 0.013268627088506851 0.04801326586741152 -0.9987585643367126
2636 1.931 0.826 -191 0.9327358102023512 0.3604411649587232 -0.009277659692083193
3635 1.922 2.538 -24 0.4454769200425614 0.7960668735282722 0.4096679711428699
5203 0.196 0.817 283 0.5296576565970739 0.528857919827235 -0.6631531251861114
9765 2.359 1.191 -323 0.6858202020997494 0.3195074183346124 0.6538850510762653
1245 2.017 1.505 290 0.138436408873459 0.1378607491994194 -0.980729205503943
9038 0.309 0.58 304 0.4772270090508819 0.7557530306476437 -0.4484325350587881
2342 1.064 1.275 -275 0.20547768362177618 0.21843202197476708 -0.9539739898495367
1062 1.3 2.336 -244 0.817456610212932 0.276624469630489 0.5052163825736782
9315 0.32 2.081 273 0.3946564641258379 0.33275655134483184 0.8564574436951234
5761 1.835 2.234 258 0.5347049937729379 0.6142967363762148 0.5802844899804007
161 1.981 0.207 -178 0.595213622272856 0.7968593365998634 -0.10361438864584116
2380 1.455 0.281 -345 0.6119815886166176 0.7546024813038368 -0.23675647911804623
4754 0.538 2.34 -305 0.564447680014263 0.4088816132669974 0.7170876117035446
9120 2.895 2.311 -334 0.489349253545161 0.8185864760962819 -0.30075486564154735
7394 1.611 0.601 343 0.809565678272078 0.4944528650036491 -0.31641709317537386
946 0.318 2.971 -16 0.7309479259329891 0.6645050604526314 0.15539676382443204
2717 0.857 1.776 136 0.1906710902092002 0.10363936498474885 0.9761677199047266
3177 0.672 1.264 -119 0.23580834073875917 0.18868701153266726 -0.9533056373046916
1023 1.889 0.005 321 0.5149712380475997 0.8572012376348707 -0.0032652995219784996
8073 3.049 1.886 180 0.20280970807149312 0.9101548376546327 -0.3612290046574679
1348 0.143 0.705 9 0.35778029626697616 0.8421583875275285 -0.4034383595050774
7467 0.194 0.821 -346 0.6707895494019355 0.12055978696857132 -0.7317832453529125
8868 1.617 0.607 -356 0.7377098613100469 0.5655611606927826 -0.3686797174265813
5132 3.131 1.827 -94 0.25361685536079465 0.03782539821931125 -0.9665649124225709
5916 1.617 0.357 -140 0.80914056222173 0.555061744688651 -0.19286785670684828
4357 2.016 1.052 42 0.8001589705516506 0.5429830354958928 -0.2547843107598834
7489 1.078 0.723 148 0.2796145012687519 0.6979468326553232 -0.6593071738322203
4288 0.854 2.764 338 0.8071900240390597 0.47384260488052504 0.3520191058619701
2721 1.835 0.075 -225 0.9939056783575156 0.10962697628283812 0.011551129804859875
6941 1.941 0.436 122 0.7245784652344245 0.6683630543749256 -0.16815729322615178
1678 2.818 2.873 312 0.5870593017846678 0.8053069377283602 -0.08271706132757292
2368 1.648 1.758 -271 0.15804124709705084 0.19608925244295144 0.9677664848982803
4234 0.26 1.472 319 0.09049602941618277 0.04342599327808151 -0.9949495724747649
4480 1.734 0.211 -156 0.31150978305755633 0.931842152652222 -0.18609636643391786
8125 0.769 0.106 262 0.9642733855705082 0.24838163441185593 -0.09210538294413172
3348 0.912 1.789 -278 0.19145195811540638 0.1247787176495027 0.9735380934280499
4143 1.187 2.32 163 0.5283331088201205 0.4853977557356399 0.6966011375609937
7103 1.124 2.674 -166 0.312520498528202 0.8369340973167008 0.4493019638821573
9420 1.024 1.544 -19 0.029823389308036345 0.013207422994514209 -0.9994679231611315
8884 0.98 2.553 -205 0.7659134520831394 0.3976446890874975 0.5052279536591339
688 2.853 1.515 125 0.06749939847632325 0.03165502019101223 0.997217022970447
5568 1.916 1.758 30 0.049480306459775546 0.21416696241133382 0.9755430341528503
2955 0.534 2.734 -41 0.9301142209942304 0.06870943122741473 0.36078601686415335
9802 3.025 2.57 -174 0.8420441037226661 0.09637415961325888 -0.5307294496678417
9367 2.669 0.416 -262 0.8775143450022217 0.3998289859520435 0.2647741609520883
5429 0.846 0.298 -308 0.6455474978601893 0.7050417496181434 -0.29357206832707383
4907 1.161 2.803 -275 0.6167087703720373 0.7196686616003278 0.31897854168674517
4465 0.605 2.026 194 0.5015139865864802 0.01913189233050659 0.8649379700036239
7561 1.831 2.513 0 0.13835785653732427 0.8223901255780444 0.5518438047909261
9475 2.113 1.41 -128 0.43162804728499615 0.4119786236092714 -0.8024779389403495
7773 1.843 1.745 -150 0.794355810076131 0.31646860405274574 0.5185040690748726
612 1.078 0.84 -81 0.14455632763441043 0.6664816704627501 -0.7313724434773539
6940 1.789 2.249 -123 0.9797872038733768 0.05968310906119241 -0.19093182453111318
1329 2.526 3.073 -18 0.7929075515630712 0.6090032464136009 -0.020314047650585126
2352 2.775 0.992 239 0.6119870344514514 0.19809773627849292 0.7656560301758581
3791 0.24 1.966 -317 0.39362024282001556 0.00476311673532323 0.9192607993171892
6462 1.497 3.051 27 0.923437152959169 0.38157955776389385 0.04075371923365851
6118 2.758 1.151 -63 0.005210803241689244 0.7715572632577983 -0.6361385360467586
6868 0.402 0.576 10 0.2803222324902902 0.8769374217717617 -0.39038468754288363
8918 2.987 2.704 -75 0.9048651500666997 0.1143685554608179 -0.41004742861841603
1152 0.066 0.689 119 0.7705980849380277 0.044681119144080024 -0.635753245435583
2231 1.214 1.202 336 0.4117280392520482 0.21208148634891308 -0.8862852051352881
7442 1.308 1.979 219 0.13381610406484182 0.37486718841812844 0.9173700678245367
3760 1.235 0.033 -355 0.7334302949369468 0.6791395421062454 -0.02914592280958761
6358 2.891 0.531 151 0.20800753431144056 0.9778312591128953 -0.02406022384278024
9139 0.113 2.94 210 0.5639805859458757 0.8149574374744034 0.13330519037644553
2842 2.18 2.815 252 0.8176126829806201 0.5757667417251265 0.0014696096296533112
7011 1.454 1.118 102 0.4887519353787015 0.33686450770572335 -0.804763225496639
6692 0.842 1.849 102 0.38185217285818085 0.012921515177032472 0.9241330816116344
1193 2.892 2.029 -98 0.43652091845289964 0.7641165665530983 -0.47494774499111075
3246 1.201 0.66 64 0.05450807892243382 0.801605015413768 -0.5953639799279752
7665 1.269 2.449 -325 0.16654554462957602 0.7524893268725953 0.6371988657451191
6187 2.914 2.643 130 0.38692457621376053 0.9174573921522579 -0.09252732519088626
7716 2.682 2.754 -6 0.7344162385465193 0.6621882138129414 -0.14879367609682995
4735 0.934 0.159 -322 0.20749234453168441 0.967502448854247 -0.1445196817799563
4239 2.989 0.644 344 0.8009593685624521 0.165039127802681 0.575522524499405
2282 2.158 0.3 352 0.24097780818866532 0.9490420787581155 -0.20309807657154635
8308 0.931 2.822 -207 0.27662622608859994 0.913843826807139 0.2972665323349778
1568 1.108 0.446 162 0.7736424651603528 0.5058513449606984 -0.3815648737791056
7433 1.542 2.387 -15 0.18874251485341914 0.7130403509921519 0.6752404911909502
9873 1.9 2.99 280 0.3062590433653524 0.9441798421887441 0.12136648615403461
8083 1.925 1.577 287 0.0017364775744362396 0.007256316674570589 0.9999721648695786
6876 1.033 2.41 27 0.8180438880862361 0.20768862046302156 0.5363484260207357
413 2.563 0.556 -55 0.44717550338040585 0.8916750992051611 -0.0703532986713963
3227 1.951 0.791 187 0.9236965593958032 0.3829071416016472 -0.012914606877928895
5390 1.169 2.801 -111 0.9617065686670598 0.1917521089403079 0.19583565686456073
8471 2.834 2.642 -73 0.05381009152761067 0.9893169140993148 0.1354862263361079
3454 2.779 2.955 335 0.9825942772733607 0.07894546325841507 -0.16815498833087356
4070 1.308 1.233 185 0.28659734008320076 0.2584674425937951 -0.9225272601805635
7797 1.141 0.867 115 0.6406124704444663 0.3462837050042905 -0.6853490047848172
4386 1.174 0.846 -276 0.5958092849269485 0.41218828436897975 -0.6892837690122953
1206 2.419 0.276 -336 0.09447559074673341 0.9819498983231302 -0.16385591211869688
8069 3.021 1.578 281 0.007365011796112691 0.0008971192569736434 -0.9999724755103422
6719 2.987 1.865 -294 0.32271974059122 0.31355645652644143 -0.8930477689369799
184 1.106 2.497 -122 0.8186371023103496 0.309478610440651 0.4837936382391131
7522 1.111 2.565 31 0.5443114492306459 0.6469053990105496 0.5340771957006173
8642 3.005 0.43 -58 0.37621203009596327 0.919554751540661 0.11350580306780378
3750 1.767 0.057 -164 0.9333707153277684 0.35878276605220893 -0.009697141457968812
2550 0.063 1.659 284 0.08136934981281321 0.10265799806774094 0.9913830563126261
9706 2.266 1.471 83 0.0025433708598325533 0.13138012090785983 -0.9913288027162863
8214 1.351 0.777 -106 0.16418597588171205 0.6938876612686733 -0.7011154533048468
4825 2.249 2.37 241 0.17834478018806574 0.8336786495201223 0.5226595916215214
1336 0.578 0.049 -219 0.353463728886489 0.9346114242449504 -0.03955853931181045
4918 0.61 0.161 290 0.7846571847758368 0.5988816844508387 -0.16016813168974794
9384 0.872 1.687 103 0.08124986293832505 0.08316190141408343 0.9932182831209349
3172 1.994 1.468 201 0.039600430721110476 0.1299297947599724 -0.9907320799895065
5038 1.541 2.236 172 0.719007738552244 0.415698772942825 0.5569761234342254
2414 0.128 1.913 -268 0.23929755029742497 0.48613348873800255 0.8404825480336102
1250 0.857 0.431 -327 0.5980731824306524 0.6839385382977616 -0.41777571050552087
3268 0.828 2.311 315 0.577853968863266 0.37094280153553766 0.7269705830760543
8686 1.886 3.08 -30 0.582877944958729 0.8117417436187044 0.03645055483191509
8523 2.216 2.589 -135 0.8948114887615927 0.43002595662555126 -0.119958643742507
3780 2.103 1.63 73 0.03136859234355178 0.08696455938330376 0.9957174181592146
8772 1.004 2.229 -229 0.7702545841637124 0.08861647483938609 0.6315496781424457
4660 1.277 2.897 357 0.7066380511768079 0.6749683790888171 0.21232134103584088
2014 0.224 0.462 -12 0.7566595530081486 0.4989211548439625 -0.42254467466846113
9703 0.497 2.19 130 0.3851160811915545 0.4738091071500243 0.7919536185846724
9885 1.892 1.666 -98 0.01180525191242487 0.1040144190108513 0.9945057248025871
7823 2.0 1.362 -240 0.8423918616512128 0.27795418785031667 0.4616464240956222
3002 2.285 2.323 216 0.4243933792371393 0.8263396451152734 0.37020676732124413
7061 2.005 1.2 -357 0.8510932564593472 0.48293031515624946 -0.2059577129230891
3782 2.562 2.722 -184 0.38819483712045755 0.9181480766092028 0.07942844485348391
1779 2.137 1.754 -72 0.4404270819219031 0.4504453504070629 0.7766099225521237
699 1.115 1.302 265 0.12810243182523418 0.23294370287718857 -0.9640160777965923
9662 1.128 1.827 -146 0.3006446809489005 0.13130939426152702 0.944653703108078
7629 2.699 1.383 109 0.23909093215719646 0.07490108116993971 0.9681039996817373
6198 2.391 0.156 203 0.9043107535498289 0.4228264061599469 0.05865058625456542
2914 1.411 1.933 354 0.3324375910607714 0.2907695121491169 0.8971835591751979
794 1.165 1.452 321 0.07076846066387303 0.09854367125242584 -0.992613202527228
9224 1.013 2.848 -195 0.9586532485700577 0.19816472881059957 0.20424174221127492
1613 1.466 2.264 -198 0.9204137790331919 0.18903819925623994 0.34220320657147085
9134 2.973 2.602 -14 0.7826901588294962 0.46339740130219526 -0.41552251892987735
8962 0.05 3.051 -141 0.12138566135844377 0.9924840949590084 0.015519100166293218
660 1.618 3.021 202 0.2581656355305291 0.9592748339040648 0.11463986073546527
180 0.604 2.267 -21 0.4073707728976016 0.5172752481347848 0.7526455813036489
9583 2.878 2.108 -7 0.37167352763676526 0.9051009916391884 -0.20652114610325173
9170 2.632 0.359 245 0.9512561890413809 0.08864790617409282 0.2953865459722527
5193 2.645 1.668 -292 0.24851533552414737 0.2681089469592573 -0.9307833907895642
9962 1.054 1.507 -295 0.08885633450031087 0.02267081890503918 -0.9957864157485499
7791 1.858 0.545 119 0.5018512880266247 0.782422572194625 -0.36872781726683557
7114 2.689 0.189 28 0.9434963723501405 0.30170726786933283 0.1370668445574927
3615 1.746 2.514 -49 0.9406169514355415 0.3210245841257501 0.1103764787397999
8609 2.447 2.6 -341 0.11606893012096164 0.9437098959723463 0.3097412399155761
2418 1.345 2.799 -291 0.25503216741565493 0.9068315573797556 0.33558176369326204
8891 1.377 2.083 -349 0.3660007001905908 0.4075432274709136 0.8366313436649314
7930 2.937 0.548 -184 0.704133425467082 0.6213070832658321 0.34376391233475584
8485 0.551 1.7 3 0.10687050110276979 0.07217926428919491 0.99164955997606
6265 2.739 0.611 265 0.6788570275942858 0.6912004578860738 0.24778027182149356
3035 0.522 2.774 293 0.7609514822289731 0.5411509006314864 0.3579225397195042
8849 1.628 0.759 -347 0.9692705873679849 0.20269563686242367 -0.13938797387241852
7397 0.064 1.959 253 0.05589491181432206 0.9565984513544127 0.28599853443611994
5291 0.579 2.35 56 0.6663906094199733 0.24913086703765625 0.7027498607370494
1130 2.104 2.561 241 0.13098620428098873 0.8812312540769695 0.4541740757969248
7087 1.209 2.916 -107 0.8454458008889606 0.5039326197077573 0.1768426208630172
8949 2.746 1.329 318 0.43953525595935916 0.8246491114126887 0.35603736013935905
5477 0.964 2.549 272 0.16991759412119775 0.8332571234794107 0.5261279097129155
8402 2.507 0.72 25 0.35264931245346537 0.9086944382844969 -0.2234119071511644
5735 0.347 2.407 262 0.5381839732864059 0.5606242063642292 0.6293317965398978
25 0.435 2.603 209 0.6413415983772908 0.5861273854715264 0.49511174717549833
9216 0.511 1.19 -319 0.3263787396895677 0.17783535203728004 -0.9283595778815589
6190 2.912 2.862 41 0.4404700622343883 0.8954374208751326 -0.06463706035800802
8364 2.252 2.639 -301 0.9337282851150679 0.3001953735764257 -0.19502365820429238
7000 0.637 2.481 119 0.0572777355551558 0.8921412912011022 0.44811067555203793
2561 0.964 2.731 35 0.6722688249348651 0.6282732523008785 0.3915703608088492
4645 2.655 0.146 -67 0.38002032801038693 0.924869121965678 -0.014200617356773405
8831 1.574 1.426 321 0.03727433604525536 0.1443082713833276 -0.9888304944138511
6356 2.697 1.693 -289 0.36508257176497244 0.5523238095589912 -0.749435204128894
1317 1.947 2.748 51 0.5941684607284545 0.7766314829102843 0.20930212619118804
3595 1.113 2.357 -143 0.87999708230313 0.087664268833839 0.46681914175385614
5275 1.079 2.636 208 0.6842064617191325 0.5688054782195583 0.4564228803305164
9933 1.877 1.389 -77 0.7490708513628106 0.11089444056754982 0.6531426204817783
6956 2.064 2.918 -127 0.7602291187655467 0.6478852114470341 0.047921182885987255
3543 2.522 1.114 -184 0.6089493530061292 0.78958113919963 0.07577803173500418
9127 1.543 0.228 67 0.9931913434396404 0.11190921140883917 -0.03236176321546729
9442 2.778 0.323 28 0.3222836051702547 0.9465689262995384 -0.011855193064750691
950 1.849 2.611 -72 0.6733839644089341 0.6850450723447337 0.2779699360238549
6806 2.626 1.03 5 0.2545627981765612 0.8950790237008677 -0.36610288596953305
6773 0.922 0.932 176 0.3298062398979073 0.4976373672275561 -0.8022374304800484
4553 1.779 2.281 -40 0.23019672935422633 0.6694036636340157 0.7063343407395499
8975 2.815 0.492 116 0.24841822990112958 0.967813903816802 -0.0403067070308594
8716 0.523 0.563 176 0.07251586845045382 0.9391685943781589 -0.33571386649441515
2135 2.032 1.381 -216 0.4196262483986053 0.3848826633426026 -0.8220578733357019
5556 2.608 0.272 -359 0.6329083464152749 0.7730694424671167 0.042316216294270244
5492 1.239 1.512 355 0.05706633528490222 0.042441013169200924 -0.9974678911014243
9594 2.619 1.512 318 0.12141330632817478 0.09425095693915932 0.9881171824042498
1689 2.451 0.284 -223 0.3043697775308627 0.9464693503640544 -0.10749328977781734
8722 2.7 1.022 -128 0.47681332558460227 0.8739482466467887 0.09414624117805176
6970 1.816 2.545 165 0.589378776048327 0.7158364021974359 0.3744474644496963
2326 0.919 2.644 -150 0.8967082510832544 0.2135660071112186 0.38769043455543517
7376 2.198 0.174 -295 0.8800992640044343 0.47421766092838336 0.023300119365914553
7977 0.118 1.64 -217 0.06108735753838871 0.07090644220802922 0.9956106725032514
2906 1.75 1.073 185 0.3950802383713241 0.49793167243434855 -0.7719945950815914
2526 1.589 2.192 -10 0.5870803621125977 0.47824866797288595 0.653157607322996
7937 1.771 2.12 -267 0.9846323717495259 0.12140987381514917 -0.1255338004008996
2807 2.855 0.832 119 0.21032656991363816 0.974280303146248 -0.08087412991568102
6496 2.134 1.982 103 0.21169762692480373 0.5502304596130081 0.8077317352119232
5478 2.284 0.16 -75 0.8507768484687658 0.5248950535072295 0.02576697330299621
6022 1.995 2.174 -26 0.75434455130541 0.5771416544447683 0.31284470367994927
1268 1.034 2.382 100 0.2647155599451365 0.6801365362453562 0.6836226769111029
7210 2.601 1.668 -336 0.19522744589653396 0.14136513689579733 -0.9705164307929817
3843 2.656 1.766 309 0.45472002080926877 0.5726749941069955 -0.6821092682259718
2318 2.039 1.724 235 0.6201177575136264 0.18153492669939147 -0.7632162453751348
9478 1.081 0.368 313 0.5595293056666766 0.7484010181955543 -0.35612199042466386
2863 1.126 2.555 -342 0.8398726457161982 0.32467276976895904 0.43497302393162934
8144 1.797 1.931 24 0.22207465251101585 0.3955394188158889 0.8911966207717018
5277 0.107 0.308 246 0.29193018579832847 0.9482945001736115 -0.12455644327064727
8289 0.144 2.369 -156 0.6157210823317456 0.43776573283432024 0.6551707502081074
8613 1.178 1.803 -162 0.39108878625819893 0.07279895471465046 0.9174692765730866
8905 0.36 2.856 -354 0.05896445792352731 0.9911748488125424 0.11872494170652731
7596 0.917 0.073 166 0.2357833869402298 0.9695093863505629 -0.06676634048043167
3099 1.977 0.403 -40 0.6291801081313417 0.7538661279850383 -0.18925710715499916
5584 0.383 2.652 125 0.0540129051628977 0.9738618936302924 0.22062551577432013
8732 2.285 0.655 259 0.02743039748499061 0.8704834164001493 -0.49143279811805385
2166 0.164 0.085 51 0.8387575896981496 0.5388887173192213 -0.07800420546223728
351 1.11 2.678 45 0.8912532155719036 0.3056785938538736 0.33500492980292157
58 2.75 2.807 -249 0.7428591860740854 0.6519136118708038 -0.1522132462136933
9895 1.343 0.739 62 0.5729599971210851 0.5508240365272393 -0.6068852630298783
3227 2.27 1.916 295 0.7769922954117151 0.6269981956916238 -0.05618038332267049
8974 0.296 2.865 -196 0.8792240880501014 0.39170730458000824 0.27116487702343073
8510 0.226 1.306 -120 0.26427862218034026 0.01750177597396793 -0.9642875596502415
2007 2.625 2.725 27 0.37585876829970344 0.9248895512310883 0.05752829143809214
7557 0.295 2.222 -173 0.19822070584401683 0.8067616071654968 0.5566365609429945
2697 1.616 2.527 284 0.13387892466725757 0.811934258630358 0.5681893990495683
7485 0.861 2.089 -265 0.38858584179372074 0.31661059739958464 0.8653084843983349
1393 2.645 2.587 277 0.7002595229506863 0.6915231594621161 -0.17729162542097196
2702 3.069 0.223 -308 0.39369666905277634 0.916259130256144 0.07397390755532125
7659 0.818 1.164 -167 0.0002192954397904999 0.5082218413267353 -0.8612261676864985
1963 1.399 1.087 241 0.011250290706104971 0.4690124766108223 -0.883119882995741
8745 1.957 0.795 -32 0.5782447872807034 0.6922906043517756 -0.431702079111217
9732 1.782 2.136 -38 0.5492154011539798 0.5344565180711756 0.6424318434094843
3567 0.139 1.599 279 0.024385536856161755 0.029161610565788056 0.9992772118193459
7348 3.055 2.688 -153 0.6354057737596297 0.7203119275004685 -0.2782269393381707
6560 0.775 0.405 98 0.38652680084219243 0.8441086926573041 -0.3715878727987188
9964 1.07 0.657 244 0.6514714888569312 0.4942022438506694 -0.5756292568828454
1544 1.506 0.336 -209 0.39306376411734434 0.865492573937918 -0.3105213065092671
2773 1.065 1.743 104 0.07512865111268584 0.1542620418346411 0.9851694819831741
8355 1.966 0.111 159 0.4011146942087887 0.9128122966046462 -0.0766858087076169
2541 0.418 1.496 -208 0.013374687179775668 0.1523199549400193 -0.9882407343708889
8286 2.802 1.163 -94 0.39096768975760776 0.9075007525398926 0.1535794573018394
3300 0.777 1.728 118 0.20330137316060273 0.014584848408381784 0.9790075760012881
8896 0.593 0.44 82 0.7575325450708504 0.4947232578819806 -0.42590297166035285
3092 2.42 2.749 -278 0.6882555539325218 0.7253013143841464 -0.015565854736164009
3280 2.179 2.83 2 0.8622971252192997 0.5057850940813489 -0.025002128782416363
8693 0.408 1.772 -235 0.16914131185786185 0.11206255899641755 0.9792002856893863
8377 2.597 2.963 323 0.675785014103454 0.7362439303951257 -0.03548928950446407
8242 1.73 0.163 -11 0.31734552705328467 0.937324110540663 -0.14392820522200586
8135 2.421 2.403 48 0.8345732082945887 0.4687894754294594 -0.28935097671072296
2843 3.13 1.611 114 0.041777691402936475 0.22894739814672313 -0.9725418825854684
963 2.162 2.868 -111 0.8294943830585356 0.5585149202577858 0.00039028678992923443
1640 2.799 0.393 102 0.9319853386406755 0.011512807394774376 0.3623131019225171
9419 1.627 1.137 40 0.6116751132796227 0.3610100909918109 -0.7039355581276208
4834 1.583 1.776 156 0.0700349723003334 0.20409989222061586 0.9764416708899843
7758 0.892 0.316 106 0.7121090063362117 0.6314501088412581 -0.3068737902448115
5044 2.175 3.096 227 0.9586835535632066 0.28412101354754155 -0.014180754145683176
9157 2.556 0.356 -244 0.3282281437120987 0.9401561652840762 -0.09150229807852163
5576 2.899 0.829 -82 0.6270195255305964 0.5890388934813456 0.5097839704910874
5548 3.042 2.623 319 0.054751325486602574 0.9981731282153823 0.025547964031956
4184 0.476 0.255 -250 0.7489202169944738 0.6149168401272298 -0.24697325422987315
7452 1.818 0.633 -182 0.36372697348902394 0.7886328077485544 -0.4957428600586664
6250 2.72 1.971 58 0.5158118257854472 0.7769250135296888 -0.36100648710483907
6445 1.913 1.835 32 0.2906841398348258 0.3583289597691597 0.8871883043859625
6464 1.208 3.124 -238 0.8071493284190232 0.5901630866129933 0.014747638188684764
6327 0.441 0.582 342 0.24165131730552186 0.8872183196979045 -0.3929991018271324
7100 2.309 0.827 -348 0.159883435308485 0.8231648434763464 -0.5448274291723201
9509 0.541 1.198 -124 0.36883940876078686 0.08870677431842429 -0.9252505599755201
6412 0.69 1.269 14 0.15287743189629094 0.27849371868259454 -0.9481928809430784
93 1.703 1.45 -183 0.004430631699852595 0.1221272148514317 -0.9925045656798626
9130 2.055 2.955 124 0.7055219148088945 0.7064690067298915 0.05603900654429337
2196 1.059 2.461 -96 0.7205354270802388 0.39883216705729163 0.5672403378134198
9500 1.47 2.298 -323 0.7075705693959999 0.429996160452059 0.5607559106430423
7772 2.573 0.085 23 0.7956817079504279 0.6050023721660274 0.029372594481412335
9360 2.226 1.592 43 0.06284720887189653 0.07491177374985636 0.9952077443884078
1690 2.111 1.718 93 0.007504550662097629 0.174731681965526 0.9845874877515245
6051 0.758 0.73 -247 0.741930183057769 0.23619658076092886 -0.627495640387016
5041 2.786 0.607 -3 0.5546439495223232 0.8157973156062388 0.16384391690854297
7589 1.258 0.849 342 0.196628352411405 0.6308206362080002 -0.7506015027710177
5257 0.509 3.141 -145 0.6560694481848814 0.7547003169217606 0.0005574913265377146
9724 1.321 2.64 -36 0.12126975820653396 0.8696551318437927 0.4785327547851705
6384 2.799 0.664 -265 0.8137484245000495 0.11221351620775397 0.5702820603911537
5479 1.118 0.639 124 0.5836688872107474 0.5746662281853944 -0.5736631034721862
4681 2.902 0.761 -271 0.46261632686456483 0.8549058163348909 0.2347811306623932
6044 2.17 0.105 -165 0.0869072900221068 0.9928980561536749 -0.08124391070884716
741 0.71 2.905 -24 0.5985781999662665 0.7673228979948146 0.23004284109266154
1262 1.139 0.529 0 0.8895445970511057 0.2759187645958871 -0.36411432984855974
6679 1.113 2.262 90 0.1970628590101952 0.6104640955348507 0.7671374177170246
2189 1.344 1.383 -297 0.12860732857153095 0.16116107123199064 -0.9785127818056603
9271 1.678 2.259 -352 0.35681020090877813 0.6178825766510556 0.7006479872221782
2070 1.322 2.233 265 0.5273532145133724 0.4471691200851337 0.7224530193616054
1294 1.299 1.605 -46 0.00797223358755881 0.03327837617604752 0.9994143250777981
696 2.096 2.223 95 0.8972872176583722 0.15520317296671576 -0.41326459336357463
9421 1.712 0.472 -277 0.9927105283294563 0.12005207713120719 0.010644515974635773
2611 3.008 0.095 -331 0.9192391309790295 0.3850817485107678 0.08192354387359245
5668 2.938 2.254 89 0.6455918010129329 0.06315777989530609 -0.7610665682472025
6646 1.412 0.241 295 0.2932698255186654 0.9263875872194768 -0.23621779714053717
824 1.153 2.491 -124 0.913687014780671 0.14185472773515131 0.38085860268657706
8592 2.322 1.999 -252 0.7560993076290393 0.3681568663966299 -0.5410862766028183
3577 2.402 3.024 154 0.7018186359978166 0.7123412600122384 -0.004531164347125027
697 1.876 1.53 204 0.011073067125877812 0.046236935735273516 -0.9988691270422958
7066 1.768 3.107 -187 0.10270929971768114 0.9941625005954505 0.03304121912558084
195 2.732 2.597 -170 0.6451577148941294 0.7427146584877459 -0.17929433616268015
2972 1.843 1.946 -21 0.8868011931201232 0.060160849666844624 -0.4582186334579698
7763 2.839 2.853 206 0.6454143174734704 0.7549553644452774 -0.11611527244748018
8463 2.184 2.084 -312 0.6654286391920775 0.6801764222169426 0.3075138383929074
4203 0.339 1.71 149 0.11664684145912214 0.0860687845674451 0.9894370514088772
237 0.567 0.92 284 0.6210780377092673 0.12215814652633773 -0.7741701740008173
5742 0.446 0.904 214 0.005453323260548693 0.8742686898031785 -0.4854117008223531
5956 2.69 0.693 -16 0.8077292521468831 0.04274952485743314 0.5880016440033997
980 1.866 1.028 15 0.1269099240460932 0.5563621365096046 -0.8211912348759471
8964 2.102 2.345 -324 0.5941117483690321 0.7306403078471978 0.3364460892904594
641 1.955 1.685 353 0.29688752535478324 0.0018862936895410211 -0.9549105922466405
8218 2.133 0.93 341 0.6569034155420453 0.6872358231893715 -0.3101367859097369
8507 0.014 1.282 -48 0.27785752739961683 0.17996952531288557 -0.9436133553665007
7392 2.162 0.224 -71 0.651465700155107 0.7562755451622346 -0.060330268613535444
9122 1.157 1.105 9 0.4101256857099873 0.29390745718508854 -0.863374384917637
2078 1.596 2.269 -109 0.2721746321951594 0.6227049261094627 0.7335935827066907
1243 0.408 2.454 254 0.5864861314525449 0.5280054944600817 0.6142020965722871
819 1.596 0.84 -80 0.5430874252016388 0.5680992764759988 -0.6183197074776942
4662 0.5 0.302 -175 0.5225155127913499 0.8107482156354794 -0.2639410345821182
6264 2.609 0.488 -241 0.3382946604081951 0.9359679867584426 -0.09757382078535179
1221 1.963 2.817 -219 0.7986413525158307 0.5961066228273636 0.08263706355528423
1081 2.211 2.495 293 0.15848261611485467 0.8746884824612782 0.45804292270373315
2176 0.542 0.775 161 0.33325480853450706 0.6989694795043138 -0.632758168110138
3494 1.458 0.958 -320 0.7726247087031342 0.30605366038818976 -0.5562213736134092
8113 0.352 0.509 183 0.4079625881263965 0.8329014721094644 -0.37395409403708785
3628 2.204 1.412 299 0.5070620158118914 0.5102034503641426 -0.6946801791884558
3693 1.473 1.17 92 0.18035333399940465 0.37028246505213014 -0.9112428715716887
2036 0.833 0.358 72 0.2379390466290287 0.9190235846383138 -0.3142939085757358
9557 2.351 0.643 -292 0.9066948401422462 0.20167891280949396 0.3704457895393158
3613 2.281 1.266 -29 0.03211993557509621 0.40647549070188693 -0.9130969199363844
9626 1.287 0.693 245 0.2468004828891016 0.7289733517640996 -0.6385040125664996
1242 1.626 2.233 -51 0.5422775507641254 0.5355032966393869 0.64743438063298
9786 0.572 0.194 197 0.5351869652339304 0.8261372336686583 -0.17627303648032158
1258 0.266 1.846 91 0.19468133805202567 0.29147186878458003 0.9365593020847626
7356 0.454 3.105 57 0.6049377857140066 0.7956019889932321 0.03267645215514586
9021 1.435 3.029 310 0.6307885064870867 0.7700034859964219 0.0959191932678147
4179 0.669 0.139 30 0.7662730922495721 0.6274027061224551 -0.1385330012830836
3208 0.062 1.063 -270 0.3466115923250361 0.6330590742543646 -0.6921680522605114
8620 2.769 0.913 200 0.6426328897605074 0.5788078238250518 0.5020004701959624
6890 1.686 0.108 3 0.23035872211891079 0.9678119139635863 -0.10136546913955664
375 1.482 0.81 352 0.07639304997207742 0.6853431626938864 -0.7242022171083883
2298 0.648 0.871 277 0.5187210067536725 0.3818222808883881 -0.7649446143150792
9103 1.424 0.917 217 0.6990670533892731 0.3703868377728077 -0.6116525527374992
8299 0.887 1.481 -165 0.07558433661740446 0.05405095608853257 -0.9956733913307226
5467 0.629 0.879 -242 0.15717760442407314 0.7262366810151439 -0.66923499894702
8925 2.859 1.835 -171 0.311309473317697 0.16401367671304548 -0.9360480359862556
2466 0.517 1.317 1 0.051134740322611366 0.39208807755219716 -0.918505404324635
3659 0.054 3.003 254 0.7883718526111959 0.6044766679383012 0.11435812139327746
4683 0.681 1.36 65 0.09618652051327034 0.2118456798694249 -0.9725582559375101
1075 2.982 1.866 58 0.30079750219491663 0.04597669396489538 -0.9525791338704398
478 1.519 0.138 -109 0.46544426082338297 0.8762235219779312 -0.12487585675047341
4268 0.39 1.458 120 0.07334703985336267 0.1166710210001627 -0.9904585224044108
3326 2.163 0.091 278 0.9481199679574449 0.3169831863712074 0.024293742369796503
7497 2.296 2.002 -154 0.7977211580261411 0.4977547870026632 -0.34041316962386436
4964 1.202 2.519 96 0.038992774730965775 0.825611215739498 0.5628904724401792
5427 0.898 2.33 70 0.4104131842400135 0.5528748574336699 0.7251830184302938
201 0.561 2.373 -222 0.44997010747799243 0.5888985781462526 0.6713608322158554
5735 1.246 1.605 -176 0.028824832311816147 0.026371236787941975 0.9992365520298333
7887 2.279 1.284 -332 0.41372599608739413 0.6149814495245952 -0.6712887731089515
7699 1.825 3.124 227 0.9999114700954697 0.012622774893050427 -0.004209219110020405
8528 1.279 0.502 262 0.4007308920131984 0.783385291132456 -0.47510234457811684
7719 2.649 1.751 162 0.45432982367666114 0.8851595195371063 0.10038444247378861
3387 3.1 0.701 -177 0.7099906827720969 0.39210109157324946 0.584952959103446
1190 2.439 3.119 -315 0.9575730538423352 0.2879276544227263 -0.01230903626168163
9337 0.314 0.95 225 0.4305268917632541 0.4651287856688117 -0.773499714422008
7670 2.64 1.515 120 0.015467512037926024 0.14315969648400909 -0.9895787272238439
4267 0.903 1.154 -124 0.459565503378024 0.13271785506938374 -0.8781716911007127
628 0.08 1.604 170 0.033029126107463 0.0034295710227417687 0.999448505362421
1435 0.881 0.967 -60 0.7342174844721854 0.001324376174972699 -0.678913051519179
5437 0.238 1.764 39 0.19387675020720688 0.014838401784557228 0.9809136697801557
7531 1.987 2.261 -30 0.14333827504733923 0.6973309209185685 0.702270407775605
3111 2.042 0.13 288 0.04086724148566537 0.9927294027153531 -0.11321749669450677
9659 2.671 0.047 78 0.5816968192234558 0.8133752230548488 0.007039675119586586
3309 1.884 2.649 338 0.7218431026856795 0.6573865819201167 0.21629936896925353
2962 2.458 2.698 -323 0.9413784740483305 0.15187192061291963 -0.30123327891814977
2665 1.805 0.624 151 0.9638496502651183 0.2652949582386908 -0.02474746081804188
1651 2.101 0.511 172 0.551538988971477 0.801446983771105 -0.231273595225479
5357 0.278 1.798 309 0.03158551087220183 0.5769218626746573 0.816188409542151
2446 3.015 0.568 -340 0.3171281874765676 0.940107283485955 0.1250120323988269
2880 2.381 2.133 -158 0.2023099591956579 0.7679835245053546 0.6076775349628984
8048 1.556 2.982 -21 0.9992530517428047 0.037708840669617404 0.008448782045064628
4268 2.927 2.523 -344 0.7737771903761712 0.41963635592325343 -0.4745252242410421
7918 0.078 1.925 -102 0.28099952468286366 0.4436039199498472 0.8510316265175663
4428 0.122 1.702 -222 0.12921434012775396 0.021133058547793612 0.9913914706823761
4914 0.965 2.365 -138 0.1278889355571133 0.7353602204625601 0.665499636606455
1246 2.483 1.092 -2 0.3036232615745484 0.8133143759357208 -0.49631909184225675
3758 0.45 0.278 -216 0.2960658751081494 0.9356249395961111 -0.19222635095693585
7197 1.493 2.573 -309 0.6689515009963699 0.6114037858989573 0.4227165715974783
1509 2.228 0.693 -80 0.2369562686637011 0.8626274867141955 -0.4469066411524072
6713 0.119 2.748 -73 0.48442854227498977 0.8409234244314234 0.24119863530264124
6415 0.843 1.414 95 0.07363829797883492 0.14336336250224951 -0.9869267183346638
1036 1.396 2.937 284 0.43135137624448716 0.880740459873111 0.19553064351780727
9480 0.892 1.88 -260 0.20717223783394423 0.2237615940804838 0.9523709429027307
1114 1.943 0.221 9 0.9958114301625519 0.0602768386727629 0.06874807835300482
8868 1.627 1.327 311 0.4841557723601342 0.23707652612163813 -0.8422516897296545
593 1.809 1.594 -56 0.02723350383948887 0.03047490186873631 0.9991644592481839
4249 2.495 2.957 53 0.9720564000054303 0.2003573366069212 -0.12232453914184091
8214 2.213 1.607 -301 0.016112636776925652 0.05720230300986123 0.9982325778426903
6750 1.7 2.994 -82 0.4423731039023136 0.888424021600986 0.12251038644198076
8650 2.596 0.715 305 0.8186558517717443 0.36557359555594465 0.44289789183532885
4821 2.654 1.152 274 0.5231327300226272 0.19916988971603242 0.8286516166698624
3362 1.888 1.5 228 0.09633739072334262 0.10549929911181684 -0.9897418880877648
8983 1.289 0.69 -233 0.511836650334205 0.6121312599018185 -0.6027591260409695
7633 1.018 0.295 -156 0.038196588661735614 0.9659492116010808 -0.2558967393732412
58 0.986 1.183 127 0.025790425931998377 0.42596677806335453 -0.9043711394756971
3061 1.214 2.156 -259 0.4211719116214399 0.4137649181327964 0.8071014888994459
7459 0.779 1.269 -147 0.23936007837652865 0.1802913082079346 -0.9540449659550925
2899 1.668 2.751 -92 0.8536647853687189 0.49300897181723957 0.16792435180487492
3473 0.596 1.747 -271 0.14446088477413516 0.09929721498935273 0.9845156757846125
6708 2.313 2.813 92 0.9151043825605789 0.3868597063506567 -0.11368173389206016
9034 1.037 1.966 141 0.12492537891101332 0.3718831318973247 0.9198350862595843
2454 0.494 0.844 25 0.1339424913430196 0.813245529609085 -0.566295962888368
6883 1.073 0.066 -255 0.41821631999047093 0.9059601979352558 -0.06581207678488875
6790 0.078 2.795 185 0.2822751579983085 0.9507025638344336 0.12839536711137456
10 2.701 1.367 45 0.25265578004263894 0.06814713614889537 0.9651533684579614
8680 1.157 2.205 54 0.3671986410339512 0.4791990476252956 0.7972035065012126
3326 2.109 0.428 223 0.9738757072552854 0.0016910339021075401 0.22707542188083593
9128 1.199 2.986 192 0.6447287121742417 0.7502639007645302 0.14638636175455327
3096 1.624 2.981 -127 0.5862429064165646 0.8005208999787446 0.12444092322656508
9347 1.33 1.767 196 0.4353061068481596 0.0766929816311551 0.8970099107084726
5931 0.829 1.731 279 0.08122989969359774 0.14179114694924813 0.9865581452923009
7789 0.213 1.654 -283 0.07938645239613401 0.026075352290247777 0.9965028184500513
735 0.593 1.739 -56 0.126430771966877 0.11188251007779121 0.985645759813612
4550 2.991 1.349 153 0.26340830666842846 0.4675169620050768 0.8438269693578266
9551 1.354 0.208 -239 0.8366897779263882 0.5276530302151419 -0.14673954892349073
1552 0.971 2.862 -263 0.5899000952651796 0.7590270976494499 0.27549181955184154
6307 2.11 1.819 129 0.77220310396978 0.2960069644537157 -0.5622119201994333
5382 2.678 2.279 -142 0.7037944761008578 0.5524800943208349 -0.4465860284303132
5217 1.212 2.136 221 0.7776229869888939 0.12565203604073513 0.6160471215299105
7246 1.26 2.467 -136 0.7792108403665412 0.3919891069478413 0.4890552180372914
2283 1.9 1.712 121 0.02830326566516687 0.15793934146598693 0.9870431042107418
5301 2.866 1.954 -199 0.43444389236859765 0.257721554448937 -0.8630400365892917
8342 0.044 0.142 268 0.6541287484360294 0.7499892394290186 -0.09814133283278675
4487 0.148 1.951 -41 0.18420200303948908 0.6821977437718459 0.7075845253175362
3137 2.253 0.118 -310 0.6643284573389168 0.7471967240262055 -0.01909859613169171
6972 1.973 2.643 352 0.5791647895647103 0.771573380036067 0.26314001168234313
9965 1.837 2.038 -138 0.5141937702936848 0.5033200736572682 0.6944592644963472
1734 0.989 2.489 309 0.20860084903055137 0.7821872067425826 0.5870850529454564
3581 2.757 0.504 -266 0.7599539832313889 0.593157517308172 0.2657707715900144
567 2.88 0.539 -58 0.8509540703539509 0.2715096175452791 0.44962172737586803
9405 1.73 2.169 -5 0.4766861283260441 0.5499182651343505 0.6858281393564661
7047 0.941 2.667 -225 0.6760096797979604 0.5853767528247271 0.4475991175950163
759 1.422 1.347 228 0.697532838974808 0.05977811283607655 -0.7140549809205883
7039 1.932 2.761 37 0.9724176406464713 0.22727752794879766 -0.052429547480724654
6351 0.127 1.613 84 0.040241086795308814 0.0179280896905239 0.9990291479899777
254 0.318 2.451 -15 0.761877598403967 0.13630526870866666 0.63321670759106
5360 1.497 0.061 -277 0.5337007415203766 0.8439598116157399 -0.053808501913032235
469 2.621 1.562 72 0.027212184092775513 0.029790943340950463 0.9991856667965954
2257 1.977 3.005 106 0.99167072855935 0.12296295163989288 -0.038331170639223346
8314 2.267 2.419 132 0.05441542589557936 0.841059992562747 0.5381979657476927
4250 2.198 1.512 -14 0.27413524977641207 0.129424215588292 0.9529424102480587
3366 2.201 1.152 235 0.6547247375899187 0.6701756528085465 -0.3495713265850769
2948 2.913 2.229 -302 0.5561683174249804 0.6579237581249592 -0.5077530218397488
836 1.364 2.403 151 0.08306821087741063 0.7362402022934815 0.6716025884914973
899 3.022 1.044 155 0.4194419848127227 0.705471328219119 0.5712955683681747
3989 1.632 0.799 -158 0.9805759879597437 0.16439506870361512 -0.10698127510319881
9584 2.347 0.041 33 0.9953209041972948 0.09309414407389585 0.025880069687466423
8219 0.361 2.808 117 0.23953069657889453 0.9512891295752158 0.1940980096457915
4551 1.879 2.519 -245 0.6609735057419818 0.6786353720687365 0.32026248060658313
3355 2.373 1.233 324 0.7153639246996979 0.6924295210143744 0.093785999307192
8150 2.524 0.646 -113 0.05312765302331154 0.9267382702243657 -0.37193229355056695
9894 2.443 1.658 265 0.289080965495633 0.45843090481745774 0.8404006787814726
3001 1.556 0.401 -86 0.21839260681736175 0.897968961347598 -0.3820424240105193
5425 1.241 0.374 -312 0.21339817622018825 0.9067027453749281 -0.36380125056885904
6878 0.355 2.27 201 0.20576996484301935 0.80190583725226 0.5608972720108866
1472 1.281 0.257 306 0.815440933584119 0.5438466197008445 -0.19820932893137386
2066 2.752 0.139 -282 0.62439851907728 0.7801138248366996 0.03935618976419445
3511 1.835 3.115 0 0.6917335168752815 0.7220222465919818 0.013733792543290643
9315 0.537 1.813 262 0.08036203977900282 0.3207879239122898 0.9437356888634661
3033 1.211 1.893 -29 0.2612118693139731 0.2356177738968965 0.9360836629027187
4725 2.028 2.448 308 0.19849247063781963 0.8191063199711897 0.5382058859612642
4966 1.332 1.879 -323 0.20192392010464844 0.2602071454025749 0.9442028235347609
1730 0.004 2.324 340 0.5518077802149743 0.588371972807068 0.5910385734529864
1058 1.173 0.686 311 0.17167170171588428 0.7593983616465403 -0.6275690839728506
3734 1.569 2.331 -8 0.17402239848323245 0.6783914182741552 0.713793589518793
1372 3.1 0.982 214 0.5475737746136015 0.2282311128724936 0.8050301363752764
1693 1.491 1.182 -276 0.22603224843735037 0.354755085562543 -0.90722557940893
6371 0.922 2.873 199 0.9557394785743762 0.21085119189629978 0.20519216352065975
4628 0.212 1.776 -69 0.16708958453760897 0.18214560343152483 0.9689706135325337
3588 1.433 0.222 -313 0.6308981474010281 0.7527770649362767 -0.18786755470776534
8458 0.069 0.397 -141 0.5424806510405474 0.8019810890960105 -0.2500821384645462
1633 0.046 0.838 263 0.3297756423170234 0.850619105946868 -0.40950599792011066
9745 1.854 2.602 112 0.4157117629173265 0.8167687465999178 0.40009067066074894
7979 0.44 0.14 67 0.9859847747504413 0.10222537731604366 -0.131848383353434
4339 1.742 0.565 264 0.10950431183857966 0.8482953764355687 -0.518076982703146
5150 1.872 1.843 319 0.3510725679013232 0.3615260813324396 0.8637400908743214
3769 1.507 1.553 167 0.01927943970061198 0.016597085798515043 -0.99967636760495
2 2.17 2.823 258 0.2139620558979563 0.9518710969704178 0.21945763460917322
2174 1.312 2.173 346 0.45939823167512717 0.4307323914069292 0.7768029812807326
4794 0.82 0.712 55 0.44122912117730195 0.6186041974053066 -0.6501120746283999
6570 0.093 1.423 -13 0.12293430226042716 0.22974775611805598 -0.9654548802955322
5006 0.292 2.168 55 0.39048519065150933 0.5105896413714212 0.7660414701607597
8794 1.927 1.358 -316 0.026267620590003996 0.23383916514706468 -0.9719203964069606
5868 0.343 2.416 -237 0.6928656259355384 0.28300975551971785 0.6632063801544915
7018 2.153 1.11 61 0.8183477909530825 0.571993132092615 -0.055953104302532856
2630 2.149 2.58 -238 0.48038727446309215 0.8332127298248715 0.27383318533681694
6318 1.679 0.738 -178 0.4274925687765047 0.691067858482328 -0.5828167109937002
5789 2.326 2.831 -335 0.7515420279571456 0.6595902779933562 -0.011191308712926347
83 0.369 2.009 -97 0.011656604942320632 0.781033135478737 0.6243807851347378
1931 1.165 0.203 -332 0.5202906801210446 0.8304028971168712 -0.19932043708332567
2783 1.765 0.391 16 0.1256413059479736 0.9231273797562464 -0.36338698791241086
6510 2.066 1.381 -337 0.3711430852657239 0.3849510542534216 -0.8450239618428692
4159 0.303 2.081 298 0.4507374365406956 0.19287081602200468 0.8715713462635909
9195 1.043 1.701 90 0.07776080212765843 0.10494043292097543 0.9914336907684858
4300 0.263 3.03 93 0.9846330144934563 0.13524602635677688 0.11048230231232223
7457 2.51 2.853 -159 0.72531498026504 0.6863362549712642 -0.053485741232075425
6225 2.821 0.237 -245 0.6708671883381729 0.7350959849872875 0.0978320421273318
306 2.457 1.978 274 0.4658655784482155 0.8114289872028517 0.3529196247647103
3128 1.57 0.021 172 0.6331766986494538 0.7738363945975937 -0.016263538470331435
8344 0.33 0.628 292 0.5714042804739399 0.6195113343095534 -0.5382405177223802
6824 1.822 2.516 53 0.8602615741106272 0.4772286305082809 0.17945154870297558
7599 0.309 2.579 357 0.083950287598347 0.9681024922637846 0.23607184009280635
8870 0.475 2.355 336 0.7062507859075751 0.1403553835382745 0.6939093555477952
877 2.085 1.795 274 0.042899467075746045 0.27573543926511446 0.9602757954139486
3198 2.457 0.72 179 0.6551187899534673 0.7550665612437351 0.02634120615054903
8058 2.183 1.423 207 0.007051697164071775 0.18377080294212833 -0.9829438262449751
2157 3.125 3.136 10 0.6593399784122708 0.7518362245519078 -0.003617225295667557
9896 1.085 0.352 94 0.7688272464420266 0.5576326618164387 -0.31297041330433273
2326 0.93 1.706 199 0.09990068965953815 0.09359655233752348 0.9905854519404561
50 0.716 0.323 -110 0.9647308267301501 0.05890740736105663 -0.2565625641331168
2628 0.073 0.905 336 0.5114087839767648 0.5038017979433979 -0.6961643513283386
6587 1.184 0.581 357 0.920671453011275 0.1877623832768982 -0.3422124530701457
2050 2.064 0.891 101 0.918065364661415 0.16103728148903362 0.36224712584053026
8661 1.383 3.031 195 0.8311399691667757 0.5506635535902451 0.07730460788862677
2994 2.259 2.973 -99 0.8391206384150286 0.5436046425088904 -0.01924959294988376
7068 1.694 2.294 172 0.9957240560112433 0.06433588126548259 -0.06629101494405007
9038 2.883 1.628 137 0.060172413344651295 0.0039488215193584485 -0.9981801878823725
4856 2.155 3.101 -38 0.11712020969763882 0.9926336132532029 0.031005907828540694
8384 1.088 2.343 -118 0.1555948749626471 0.6927749621538245 0.7041683653062848
1730 2.099 3.112 -350 0.6873382238179238 0.7262899054503121 0.00831500570044674
8833 1.946 1.648 173 0.023726137404461962 0.09210919438127142 0.9954662057118252
9137 2.514 2.299 349 0.15308965418066445 0.8834519785126875 0.4428048773950695
1589 0.563 0.044 -342 0.194847416911026 0.980365672350989 -0.030292451186620804
5560 1.87 1.858 148 0.9265878841012503 0.18452717087662984 -0.3276959203973022
4402 2.221 3.032 -16 0.9271788768724113 0.3734911087677315 -0.029046892313370782
3354 2.677 1.773 16 0.28795064438139717 0.14116790210803826 -0.9471832187147076
6710 1.798 2.975 -312 0.9490498166108815 0.31473888356300156 0.015616682245845072
5395 0.363 2.258 49 0.33585275481170096 0.6627185885734301 0.6693332499171336
4250 1.789 1.716 -16 0.12292512952286118 0.1736129799673269 0.9771120435848963
6949 1.964 2.986 -309 0.7948504445719388 0.6054883513430215 0.039957817153853735
26 2.51 0.894 327 0.7768591347777778 0.34688385741870026 0.5255106794106521
3982 1.828 2.164 14 0.27095907502738525 0.597436508604186 0.7547521433206692
2351 2.195 1.0 -10 0.5617782640664677 0.7229226185534038 -0.4022288771413062
1809 1.349 0.646 118 0.18775198889804084 0.7761471295478607 -0.6019508484581166
4832 2.548 2.422 -154 0.11033304652515077 0.9217787018569357 0.3716862166497719
934 2.699 0.228 117 0.5797304703362215 0.8137919794791602 0.040684098848733787
3961 2.707 2.214 313 0.4476555760280729 0.8933146210506745 -0.039918329975890156
5365 2.053 2.34 322 0.3740789139778625 0.7664081412473145 0.5221910829830199
9132 1.331 1.2 339 0.28851437527329 0.294139413122505 -0.911175867167591
5422 0.154 1.405 -242 0.1249156447620643 0.24429603139128622 -0.9616213031854824
1318 1.401 1.964 90 0.3735883757817335 0.3046751219451058 0.8761305813339134
9569 0.8 1.082 27 0.5702339656557249 0.05390911963002067 -0.8197115536780372
9040 0.626 1.32 194 0.18778331517847113 0.16373953121582596 -0.9684662061516677
7483 0.205 1.654 349 0.07284432605409398 0.05755833360710211 0.9956810445087816
1098 0.877 2.816 -342 0.6973756740768366 0.642615564161345 0.31735217961040385
5225 2.499 1.192 355 0.6652975063581964 0.5633883509349703 0.48987018082788064
8080 2.515 0.321 68 0.7046379822267398 0.7076732872207483 0.051805719352294506
2044 1.884 1.468 -321 0.08822943863282975 0.13558136883529523 -0.986829903571676
5927 1.76 1.022 -76 0.3707212911938622 0.5409766077668342 -0.754923859806169
9319 0.185 0.257 213 0.09209434149362883 0.9931580723530511 -0.0718030332564467
1798 1.918 2.365 202 0.7547957049355408 0.5879480037706124 0.29086180339297196
936 0.034 3.01 222 0.9902866376757692 0.04602273497967625 0.13120321301633722
7179 2.215 2.562 26 0.574417103141607 0.7960122657455453 0.19081264214157254
2266 1.271 0.764 266 0.08790632120914257 0.7222658610717659 -0.6860061986758834
6023 2.832 2.611 279 0.7015235347797546 0.6576737148741775 -0.27446313944447576
1399 1.32 1.495 334 0.0377197533119821 0.0684909262207724 -0.9969384199816476
1206 2.845 0.787 -251 0.7345339000493507 0.2441080969592571 0.633143890973624
5382 2.26 2.843 -355 0.9151469717802935 0.3939384232034551 -0.0855484585795334
9280 1.922 1.122 -288 0.4227986724535949 0.531398213024115 -0.7340689489184614
2457 1.276 2.846 -52 0.3980511691729084 0.8706801531247009 0.28891406624605165
6389 1.021 0.694 254 0.5628479005118413 0.5387017109515821 -0.6268992801935973
5792 1.979 0.55 150 0.9371070614567646 0.3475247846969238 0.03250968146913513
4617 0.482 1.789 -59 0.22044899576490898 0.044695501958793175 0.9743739284129551
3838 2.307 0.18 104 0.4527068038117199 0.8893160394510828 -0.06460287731685838
946 0.967 1.1 -184 0.19874839814190212 0.41256694579980263 -0.8889812087268497
6535 0.694 2.608 348 0.3225484210866709 0.8276946508491623 0.45922116785943007
7391 1.625 2.456 -118 0.6519750359763754 0.6011561670941273 0.46210368449981215
5485 0.255 1.219 -305 0.2779917891582448 0.27353171415545197 -0.9208153813397005
5197 1.892 2.185 264 0.7008562125027978 0.5607984795081614 0.4408011283760142
447 0.365 0.545 287 0.4753807453789628 0.764868191818385 -0.43472956658987
5067 1.446 2.701 -230 0.941012964070768 0.281922273440704 0.18712143968228986
1735 2.221 0.546 210 0.7951359080375363 0.6064307086015647 -0.0008266887725992345
1884 0.355 2.05 -121 0.4108734247284391 0.2157759057524886 0.8857899228082338
9408 2.024 2.199 14 0.2036516061363621 0.6733744958051513 0.7106988192738457
3218 2.421 2.983 -304 0.1983982343836108 0.9769121977980303 0.07925085732588644
7416 1.765 0.104 -251 0.7447725179738426 0.6652005154997573 -0.05312410610786313
3746 1.316 0.927 283 0.6015945698898766 0.38575762624193977 -0.6994819706577133
6209 2.572 1.609 6 0.04877904081510365 0.0053804626134740605 -0.9987951020100286
5652 1.579 0.081 -69 0.7611907944238198 0.6464424982167194 -0.05196798037022907
2697 1.837 0.488 -87 0.7957617881839122 0.5768814911425317 -0.1843120225148419
2137 0.062 1.056 356 0.47756852858908605 0.17241215989077496 -0.8615116642408581
731 2.627 1.442 84 0.2973006541946133 0.28612295543514654 0.9109039331282482
4535 0.001 0.102 44 0.985787197105572 0.13431282491729232 -0.10091415701217014
5547 2.791 0.104 248 0.9467259727664789 0.3115208970088071 0.08163738859243526
2774 0.986 1.562 358 0.009869315602986106 0.004015113721122518 -0.9999432361245989
473 2.883 0.96 153 0.610469394997854 0.2537354970191392 0.750296884788551
9303 0.566 2.895 -189 0.8218599642731208 0.5147457442789614 0.24409632908276738
5823 2.509 0.863 27 0.682028051231162 0.7162027298582194 0.14795738263925096
893 1.387 2.491 -195 0.39010895330851153 0.7103558173879503 0.5858409487665014
7863 1.187 1.479 -129 0.06221306423983985 0.07369176674607142 -0.9953386650541272
5367 2.676 2.843 -260 0.8618572820786088 0.47742953888864353 -0.17106449288104966
7215 1.342 0.065 -192 0.8870111996391442 0.4598113645550212 -0.04224500847171815
1590 2.203 2.545 196 0.5512211983272719 0.8048946400410538 0.2197721750991887
8679 2.366 0.46 -164 0.40345143302233477 0.8992205413009835 -0.16920212556168054
647 1.228 1.898 -248 0.6704529024692998 0.027912849552338012 0.74142685303431
7448 0.287 0.3 -124 0.11676359421499377 0.9857660263957418 -0.12096116843824653
5796 0.265 2.227 -59 0.36407750511937165 0.642068189230868 0.6746821552730207
7831 0.557 3.044 -93 0.29549301901996217 0.9524859523339115 0.07385381721366759
2206 0.385 2.904 -15 0.3217155791529569 0.9337081766597247 0.15712455877121737
1414 1.812 2.325 -213 0.2701323012854095 0.702975807778216 0.6579160687206334
5899 2.327 1.051 -97 0.6755896085489855 0.7281649312694536 -0.11556173107902308
2647 1.573 1.089 -344 0.10219557549927874 0.46112341964113623 -0.8814313678369042
1317 1.432 1.188 -27 0.03377347627262599 0.3723632201781378 -0.9274723632319348
217 0.614 3.131 132 0.7315028301928564 0.6817576387679235 0.010494350929272634
3457 1.984 1.235 -339 0.04209840626738429 0.3718534948348342 -0.9273363481331173
7065 2.308 2.022 -220 0.21604191570076925 0.6644109222991089 0.7154607026175437
9376 0.433 0.931 204 0.06911704346966965 0.830585880747175 -0.5525847708772397
3563 1.746 0.378 -307 0.9257818872487944 0.3694169377675862 -0.0803680492016578
6304 0.961 1.393 241 0.15386374583093504 0.10780678294465935 -0.9821932830507427
9810 2.515 2.957 -36 0.4662497926966586 0.8842621413103388 0.026298217726254965
2700 2.684 0.28 261 0.9646881073223593 0.12218890886058446 0.23333822263457793
8146 0.021 1.027 297 0.15742960436450393 0.9430373958057968 -0.2930808587769877
8438 0.986 1.406 -352 0.07644498326454324 0.1461075519445592 -0.9863106750909937
6529 2.311 1.032 -61 0.7293924694713635 0.6837546632441168 -0.02159134017124436
3056 2.08 0.693 107 0.8064985627151707 0.5833148418138738 -0.09645653766344343
3590 2.829 0.559 281 0.6809380224588717 0.6788579985795287 0.27472755110181013
7647 2.88 2.426 59 0.43196275387793887 0.8869804546654372 -0.16332131613381554
4190 2.353 2.879 115 0.005436463869756229 0.9824769197883191 0.18630498367958329
4993 0.47 0.937 -2 0.2977889342200867 0.6080440267487709 -0.7359376415099346
3299 1.852 2.425 -100 0.6350808048473344 0.6610211406174714 0.39965412918076915
5828 0.677 3.061 -21 0.44139675045410803 0.8943345018109117 0.07303908240922956
6401 0.897 0.992 85 0.44188479274070663 0.34099431255404977 -0.8297353245163748
9962 0.785 1.84 325 0.17560878895702076 0.2004720245803893 0.9638322056259006
3625 0.441 0.352 201 0.5587105715666018 0.7706866691256185 -0.3064058668690609
6997 1.903 0.409 -308 0.3438312480496626 0.8849733044289717 -0.3140100688077981
2921 1.701 1.621 -94 0.028399125758507674 0.0542983141838052 0.9981208257184845
6768 0.588 1.094 56 0.16784889302834488 0.5251404381206524 -0.8342986691584785
8531 2.308 2.76 101 0.894295408698604 0.43308777131086595 -0.11256422309767879
6551 1.335 3.001 -171 0.5350365217594875 0.8343725423215109 0.13250804127843682
7813 1.598 0.946 -347 0.9825723985367327 0.1255954491115308 -0.1370301601701064
2327 0.032 2.286 244 0.5939186878293333 0.3998447501024906 0.6981294780071672
3540 1.65 2.264 111 0.05514573914816092 0.6417967034081854 0.7648894945991799
8202 1.661 0.815 183 0.3604402298480282 0.6581374555745303 -0.6610128064394698
4809 1.783 2.347 265 0.2673880055173639 0.7108948120152961 0.6504861418625174
2681 2.798 0.137 -192 0.2904174612828565 0.9568762961466533 -0.006741813901528122
9127 2.659 1.194 -156 0.5233266759185665 0.3284409191566257 0.7862924092826883
1446 0.823 2.014 -5 0.3108575322970982 0.2963706831953589 0.9030681108069726
5651 2.509 1.085 39 0.04610719864271812 0.6996395626309451 -0.7130067381413031
2439 2.594 0.841 85 0.7539060332848283 0.4959181983645986 0.4309185926686686
3695 2.348 1.394 -112 0.43895448758838307 0.2130562145992692 0.8728837306575544
8039 2.827 1.724 -240 0.26509301234055815 0.37042013001993457 -0.8902329032810592
7381 2.94 0.334 328 0.9464493883040089 0.05675899024020604 0.3178238071729041
5691 2.315 2.503 -248 0.3690712650246382 0.8811403642391695 0.29559780080639453
6247 1.459 1.716 -295 0.17799563442399483 0.12367095701328693 0.9762289938930402
4353 0.611 2.453 339 0.5887370404533844 0.5017524238879361 0.6337453765675699
3551 2.497 1.608 249 0.05235950976387972 0.007796378537820594 -0.9985978661197815
3909 1.253 0.829 14 0.7361169199291475 0.3286678731647957 -0.5917003543545964
5399 3.046 1.159 218 0.4094395305218732 0.15967049118559926 0.8982564250204824
3348 0.871 2.638 -93 0.3489032657718526 0.8128493059279679 0.46641453342081524
2576 0.569 1.857 -305 0.19458747127138928 0.2180892646093834 0.9563329904830976
3425 0.433 1.346 -264 0.1653051932350062 0.17165085655066536 -0.9711900825970992
9308 1.084 2.682 90 0.7457321883516648 0.5295449543435741 0.40430884801782324
2722 2.954 0.071 332 0.9935402453107174 0.09068700362069383 0.06821765403632482
4796 2.359 0.918 -32 0.8243141935322751 0.33056678004554557 0.4595995150906437
8986 2.996 1.483 -264 0.10779990210131839 0.13781927188173376 0.9845735266626536
7029 1.589 0.997 -63 0.43991273859072716 0.4931699723627321 -0.7505066027593286
5103 1.536 2.172 -106 0.5676000103429786 0.45235918142239734 0.6878963579213871
4583 2.537 0.696 317 0.74691665253428 0.6293612684004004 0.2145225116495351
7690 2.12 0.666 50 0.928745208332081 0.3365944223915087 0.1553593666797272
9842 1.858 2.565 264 0.8431471711193161 0.5120509665016781 0.16403248317998473
4925 0.983 2.248 195 0.04320734684576143 0.6791640939167761 0.73271362667331
9976 0.354 1.631 -337 0.02991693463081493 0.0921131630384183 0.9952990215092915
4438 1.318 1.727 175 0.042517478458516784 0.149691680965606 0.9878181334006886
7556 0.226 2.197 -62 0.570530353723961 0.13409682780681367 0.8102549945861253
4284 0.476 0.449 -265 0.49373820261033496 0.7803626874918221 -0.38374035916705007
2485 1.379 0.675 16 0.6170792506075534 0.570259529028691 -0.5422335917495299
4949 2.985 2.006 46 0.44340937087108045 0.3556711339190444 -0.8227309246165807
6145 2.674 0.263 -343 0.25524849797691385 0.9652642972992312 -0.05579462913176241
5294 0.631 2.001 -182 0.2771631827720541 0.3241728783967066 0.9044846682103899
107 2.459 1.523 210 0.26565342794943275 0.256301124550883 0.9293750533410439
7589 2.728 2.123 251 0.5805913522615946 0.708922237108512 -0.4004284498036019
3522 2.727 1.711 238 0.16833154072545348 0.03737388572680348 -0.9850216673061943
9663 1.785 0.688 -115 0.21351921655512957 0.7795500049871253 -0.5888219882836038
1551 0.95 1.186 147 0.42491180350710367 0.14131496623012865 -0.8941364770322917
9338 2.599 0.248 249 0.7365574244678694 0.6725551125921326 0.07178287391462305
9256 0.93 1.268 39 0.18550806938564815 0.23362101888738585 -0.9544673780317634
1914 2.995 0.221 134 0.36045787396955054 0.9314586178706414 0.04954759618655568
305 2.295 1.605 178 0.009416897242684054 0.05394295325813007 0.9984996143414939
9790 0.978 2.729 -170 0.4526102365016991 0.796956137445281 0.4000061109560384
3833 0.29 0.767 213 0.6304745822086653 0.3676139813421741 -0.6836386193820274
8871 2.997 0.858 129 0.6193136915371641 0.46702859396945096 0.6311377376528264
5018 2.113 0.926 155 0.8623452916834995 0.08065576823158102 0.4998552240021841
72 1.414 1.226 316 0.7361407713697515 0.12545299379918867 -0.6651002263373301
8535 0.41 1.565 357 0.005121642241766784 0.0027574088853528373 -0.9999830825953939
8050 0.812 2.208 338 0.41875500111725605 0.42275192095151615 0.8036946325384349
3753 2.723 1.841 353 0.47096724332269446 0.6590825957498051 -0.5863445980792531
1713 0.121 2.01 -53 0.3695787562977883 0.3345854110927085 0.8668703164702914
6335 1.978 2.254 82 0.7672791702220462 0.5777307643632794 0.2784058886797999
7008 1.764 2.597 -317 0.4746992873607199 0.7797237591146003 0.40827863776031825
9027 0.882 0.945 186 0.41084162042919087 0.4195015295702602 -0.8094613206394291
5510 1.99 1.207 -183 0.07690680248292601 0.41261351060674145 -0.9076538076803472
7129 2.04 0.229 -37 0.8419577570906037 0.5390390138557245 -0.023325454259412643
1792 1.769 2.328 13 0.5075660689310688 0.6486533838552179 0.5671203340412305
2072 1.844 3.085 -227 0.9743171848348877 0.22516485059432484 -0.0026102475466232753
4765 0.209 1.098 -77 0.01900599111275914 0.9133077766729064 -0.4068263479306797
9134 2.825 2.042 -285 0.5196087469013556 0.6143640073406557 -0.5937706768003398
7564 1.731 0.574 -16 0.7137832954715144 0.6214116401259732 -0.32304950181322467
5160 0.369 1.491 -342 0.023399318035704966 0.15834091408431591 -0.9871072012919403
1113 0.081 1.939 -166 0.31531031640665386 0.34011810676925414 0.8859453018190424
7651 0.484 2.098 34 0.3562967797485968 0.3865303421445085 0.8506743791501122
1861 0.895 0.051 -318 0.9980592341631537 0.05220551240115136 -0.03394627485590079
5980 0.684 2.364 -222 0.640502233159521 0.32946230305983104 0.6936940825610226
4167 3.119 2.432 256 0.5846647695578505 0.6470041566078077 -0.489441241182315
9093 2.344 1.449 87 0.24319518042665647 0.3892838308108997 -0.888433567176768
4484 1.12 2.523 140 0.8640333348125562 0.25723627899851537 0.43275384816277634
9674 1.625 1.789 139 0.34175726663815653 0.2213604877923503 0.9133463226752208
9644 0.289 0.32 -281 0.6826543162300196 0.6747333727947259 -0.2805672115012337
5479 1.614 2.075 356 0.913368424184291 0.22637736385338267 0.3383953469507201
3571 0.225 2.741 61 0.9210085011984652 0.05598629997374031 0.38549821651391225
6050 2.707 2.463 -326 0.1830088003807319 0.9639013229983364 0.19339601470884057
7746 2.45 1.758 332 0.02457275031116219 0.31178572488329404 0.9498346391352256
3705 0.412 1.916 249 0.13871480200094205 0.4668820433634951 0.8733724069894623
3929 2.746 1.207 49 0.4987292168974048 0.48346956187319423 0.7193930434435982
9881 3.087 1.056 341 0.3134408340439239 0.8229063820139043 0.47389864949653043
4976 0.011 0.481 -339 0.00956944788827999 0.9998965999960575 -0.010733824268995482
2108 2.056 1.265 122 0.4715542511346446 0.5063017496881014 -0.7220077052910251
8695 1.806 0.97 -193 0.5149784028462093 0.5728134911992817 -0.6377161977730044
6225 2.849 2.347 -253 0.7031473579404748 0.4441268220045161 -0.5552793522160703
3668 0.476 2.708 44 0.5619447368882282 0.7313745163777239 0.3864057834412812
6488 2.911 1.033 -303 0.5063627909312138 0.6353383264696738 0.5830453969281176
2052 1.919 1.403 299 0.009492318050151048 0.18067535312297128 -0.9834969815265955
1449 0.516 2.014 -164 0.35622760983387336 0.24066931007140152 0.9028732874450329
9376 1.303 0.819 278 0.7477164195915604 0.3449358700839232 -0.5673970403541283
2279 0.754 0.412 4 0.25704906941155214 0.9003149734632276 -0.3512246068722446
9589 0.35 1.178 -30 0.2817248217967181 0.32084279220580236 -0.9042626982648304
4379 1.467 1.749 -161 0.1511620531594085 0.16087489035501887 0.9753303560014386
9315 0.297 2.548 -310 0.5269737884395873 0.7022467558070541 0.4786941823921582
3789 1.682 2.389 -202 0.9324246007508818 0.30770778698204826 0.18947369671056838
8462 0.354 2.831 -245 0.6513105461907749 0.707305749511075 0.2747965595295011
4435 1.719 0.682 -206 0.8869251824676045 0.40621989746541765 -0.21988432324290907
3807 2.844 2.579 16 0.5503030712801782 0.8151012526281697 -0.18104275103851
2591 0.945 0.505 -169 0.9403573364769747 0.06547240323499004 -0.3338284651562305
2864 0.141 1.836 10 0.14545069626668636 0.5563783795170388 0.8180997456065671
2830 2.617 0.037 -161 0.693442880270819 0.720457129260558 0.008859836304694065
2155 2.8 0.409 -147 0.9267532145209154 0.02522584937670829 0.37482280600088064
2405 0.259 1.767 159 0.1547014145873423 0.17123037920949333 0.9730095732111008
7298 2.055 1.04 267 0.8971193059894251 0.4390028807173432 0.04953202542725818
7300 1.793 2.435 -232 0.979273408168182 0.20190095486358223 -0.016111998009149586
7496 0.86 1.829 131 0.34879750581520724 0.02618996333027548 0.9368321011567917
2730 2.145 3.087 -247 0.8616265143106626 0.5075376988946488 -0.002287801910639056
5034 2.645 3.01 -195 0.7747939159288044 0.6301999059605369 -0.05042287543406441
2785 1.533 2.875 -341 0.8672088743438583 0.47803289302195223 0.1394034484807348
8875 0.164 1.078 -23 0.3642798931075718 0.4607070013053728 -0.8093511094857085
7567 1.4 0.882 -113 0.8780280148822901 0.20849087100235866 -0.430811283267445
9966 2.462 2.171 -268 0.7317700134360671 0.19420175379848553 -0.6532980378490132
6481 0.41 0.683 93 0.6125376641269309 0.4937925903698801 -0.6172248275318541
1471 0.11 2.51 290 0.5018078224702963 0.7531607206452473 0.425367885699839
1321 1.105 1.445 73 0.025540231814631473 0.12750298461836818 -0.9915092967149944
4999 0.68 2.478 6 0.7950849008735734 0.1889910497062883 0.5763006017121404
1542 1.504 2.247 302 0.4488026529889578 0.5416024244435329 0.7108044685474061
8112 0.365 0.273 -32 0.8467570808115501 0.4598753100048317 -0.26742689719521895
6524 0.149 0.142 352 0.9840526861451544 0.10790056305983775 -0.14141350494870028
347 1.452 2.297 335 0.31288883948584756 0.612165388321963 0.7261915115627694
4687 2.661 3.04 88 0.9739261020994999 0.2130356606310598 -0.0779984291429164
2949 2.112 2.51 140 0.6909780063010661 0.7004242115338594 0.17876050655940554
5464 0.993 0.374 75 0.08002875213953352 0.9417148719292624 -0.3267544931875337
6174 1.31 2.748 314 0.829803617577702 0.48153214325064864 0.2820509728247642
8002 2.336 2.998 -219 0.46659819315611073 0.8833043727363573 0.04538183830876548
2096 3.14 2.286 -310 0.5452518623947024 0.5567268191594225 -0.6267022063019567
2788 3.035 2.195 -98 0.5515011496275959 0.46480005660967627 -0.6926813043060147
9251 0.561 2.259 -299 0.32038443487311463 0.6101263063047455 0.724637636509423
7719 0.495 0.693 -302 0.5517411698473857 0.5553466468890663 -0.6222312940414593
7916 0.03 1.021 105 0.30236564806318994 0.7909914997455562 -0.5318904607168687
4237 1.014 2.711 -257 0.7486035112125502 0.5357246851474016 0.3906300612138786
5787 2.348 0.773 -18 0.7530795078660414 0.6552306151773837 0.05953230859380631
9133 2.699 2.46 39 0.448910790051643 0.8933811331168426 -0.01868832700045719
2574 0.739 1.688 193 0.006220813177542678 0.16556756422114408 0.9861788291994954
8852 0.421 1.796 -168 0.20076131243562717 0.09804344597627362 0.9747216926539708
3785 1.317 1.191 180 0.3346186352148839 0.2837784084934747 -0.8986101400717883
2027 0.628 1.658 -140 0.01876952963616096 0.1218162659240523 0.9923751821330268
236 2.892 2.69 311 0.576905681410797 0.7977185335410093 -0.1755704303153736
4479 2.957 2.91 156 0.6066633757766132 0.7877877841397131 -0.10653617062558952
3563 2.911 2.947 211 0.025726424243383682 0.9988661177206809 0.04005783275795345
2378 0.641 1.417 -261 0.060443178764426474 0.17379425608450733 -0.9829253169457404
6923 1.803 2.545 92 0.6655702142919445 0.6662600178118602 0.33632406769768153
7154 2.522 0.593 -319 0.6343365397638422 0.7716854448810304 0.04602964782834986
4169 2.339 2.254 -54 0.8095044239971411 0.13557555847543656 -0.5712458800491523
3845 1.903 1.175 71 0.5149236601866549 0.48889067526518876 -0.7041587404972872
2771 2.371 0.691 -51 0.19197338266588654 0.8953481624922032 -0.4018679985637728
8524 1.496 0.619 302 0.8971535517282975 0.33614974566089834 -0.28656387265915834
8124 2.283 0.926 119 0.834038755727564 0.21548510127012663 0.5078833774352338
737 2.075 0.949 303 0.16425544219863017 0.6774639934586232 -0.7169816505847462
8195 1.911 1.468 -234 0.2493446384540619 0.1921284015454611 -0.9491648584907678
4912 0.209 1.072 268 0.41105690341268647 0.31139532978782286 -0.8567760330116071
649 1.414 1.322 -216 0.30558968274783976 0.19159009978087255 -0.9326886830363226
4908 0.489 0.112 -76 0.36718333392269603 0.9262206178487692 -0.08539184013275636
8561 1.623 1.59 279 0.06513204514275464 0.022589703585984198 0.997620931009078
3212 2.984 2.743 -325 0.6826190488072454 0.690845217078545 -0.23825221981167255
7876 2.134 1.318 341 0.7787733825146395 0.5710542600912161 -0.2596325301621138
9378 2.831 1.32 303 0.37480999511212637 0.530157832835065 0.7605590968804957
9008 0.219 0.168 17 0.6892518329648223 0.7108089502759279 -0.14029450082688966
4651 0.817 1.248 -319 0.02625596163500077 0.3963817054614678 -0.9177102854681751
7355 1.926 0.048 128 0.9778574944912272 0.2091575598425019 0.006916330535045366
5655 1.378 2.525 43 0.20190099957541016 0.7909358409268393 0.577630056271143
974 3.084 2.336 202 0.2015100702465385 0.9677034837345061 -0.15147164473041008
7797 0.176 0.022 141 0.9790075135840488 0.20263451873787294 -0.02198954664946972
2584 3.008 1.742 339 0.19911244315720375 0.25241905953460453 -0.946910161189347
6037 3.025 0.785 -117 0.46400209281024857 0.8063436172387363 0.3667588155805661
6354 0.912 2.872 -291 0.969201049014492 0.1485732569090111 0.19640599257827426
8397 1.89 0.12 -34 0.15076806015669386 0.9827818464378444 -0.10681214513719364
617 2.412 1.205 -333 0.464902166012694 0.7705129217183593 -0.436091519639792
832 1.459 1.798 72 0.142299188466302 0.20910802564891887 0.967483733491702
2134 2.875 0.187 320 0.8118357591625567 0.5714856301666068 0.1196949232759338
1768 2.759 0.63 142 0.836455446762935 0.1898408592712893 0.5141038161030873
1571 0.034 2.174 25 0.5097927867775806 0.40393819065261305 0.7595691230440067
1923 1.764 1.354 174 0.06088111357753536 0.2299050585881903 -0.9713069309158253
7528 0.235 0.18 159 0.8135748768594017 0.5567915569392314 -0.16756814095882375
1561 1.351 1.291 -246 0.1667183071324946 0.24402012160532938 -0.9553319770208655
4506 3.11 2.175 205 0.3670566275766055 0.7872883330346722 -0.495425587570501
2627 2.569 1.95 69 0.5475971513897622 0.2659917160072194 -0.7933383684187679
3869 2.52 0.013 333 0.16120846003393877 0.9869035237916194 -0.005767767433809313
5364 0.267 3.072 332 0.5543628195539364 0.8306145392734094 0.05254856271899066
6406 0.117 1.955 261 0.21944331427480884 0.6506893191270605 0.7269443182211758
8276 2.253 2.848 -88 0.6108339642940313 0.7887760788063382 0.0686597812968807
649 2.348 1.226 -248 0.6320927172936773 0.25278889138845806 0.7325002205698574
4472 1.744 2.906 159 0.7336163325609655 0.6674985886104214 0.1274861200401606
5590 1.778 2.575 -25 0.39646744524847943 0.8017386683509398 0.44724565121307314
433 2.023 1.393 -6 0.4414209194194771 0.03531345388215162 0.896605003261624
9499 2.312 0.603 -16 0.9043286133750822 0.3517830763421763 0.24174041083429854
68 0.144 1.064 -350 0.48229620100021714 0.055941938936360354 -0.8742201518889843
6468 0.178 2.305 -10 0.4628665688824705 0.6260216470519657 0.6275758414991077
117 2.859 2.649 242 0.5951007037416397 0.7809015196198672 -0.18986302710529926
1879 0.357 0.52 243 0.8291242331985342 0.2573832795135959 -0.4962931123335977
8041 3.136 2.462 -213 0.7209170599645384 0.37812645162452796 -0.5807744650326234
3327 1.32 0.656 95 0.25890076254373556 0.7499900125517607 -0.608675099069185
9666 0.209 2.879 305 0.6580499802175406 0.7221286739988272 0.21330823173143112
5847 0.438 3.135 279 0.4921803720025886 0.8704766610392123 0.005372522816867084
4260 1.651 1.462 -299 0.012942291714961486 0.10994657324356807 -0.9938532326843644
1722 3.122 0.865 332 0.5112936768447168 0.6292344078235288 0.5853570158711549
4384 1.321 1.475 -114 0.03760584641275423 0.08910923079288831 -0.9953116824910075
7879 0.778 2.614 152 0.9048393728607449 0.0959472624844328 0.41480095484788526
5290 2.622 3.015 -335 0.9912386746706082 0.08091779004810283 -0.1043944495219327
9827 1.195 1.732 -13 0.14650040529064032 0.11397497137623784 0.9826226830017023
8803 0.69 0.826 -287 0.42881652036739765 0.5348715506372171 -0.7280307796919964
1310 0.086 1.682 19 0.07079818040351032 0.3785489764541792 0.9228695953801086
2786 0.654 0.786 -117 0.3409369305510341 0.6578208006693612 -0.6715905029057215
4321 0.243 1.422 -165 0.11704560793203893 0.1403596170397569 -0.9831579240225206
6583 1.968 0.415 -241 0.29897202411114004 0.9007673471545535 -0.315014150633009
9366 1.111 0.825 -163 0.26889855910163 0.6235562329805939 -0.7340784625802057
8574 2.449 3.074 -162 0.9015993710361924 0.43164444313996536 -0.02831340413181831
2610 0.451 0.434 20 0.7142527257858609 0.5656278946889852 -0.41219913689523197
7924 0.602 2.232 237 0.1590168961519721 0.7104464002270795 0.6855505372637215
4301 1.335 1.369 197 0.19730499136501153 0.15622536871051423 -0.9678142252280221
1077 1.204 0.639 -46 0.37730241013614746 0.7108611521518757 -0.5935649195048188
1571 0.5 0.406 -215 0.6957581937266855 0.604996536332695 -0.3871688609478069
9653 2.316 1.431 336 0.5266892569684374 0.33650671700112006 0.78061620275726
5005 1.095 1.8 239 0.38865214582775065 0.04131416261145448 0.9204578477644694
7403 0.568 0.927 -313 0.2999392686614535 0.5831732571030732 -0.7549472745262581
2287 2.955 2.478 145 0.370678256279623 0.9162565027794696 -0.15189355297653032
6359 1.158 3.134 -106 0.5830323751648137 0.8124149799563523 0.007426294647794046
2054 2.133 0.834 -34 0.7482416506996727 0.6436795461899519 -0.16065825212209464
635 2.821 1.545 -53 0.30688985393944357 0.8985472991883403 0.3137377386773327
5924 1.546 1.67 -185 0.09125523959437491 0.09641652578771324 0.991148997276192
5504 1.514 1.114 -96 0.4315296005070038 0.37854219084564594 -0.8188333246980392
5043 0.954 2.862 -318 0.5073219666339756 0.8165344517266588 0.27549212568434694
7084 3.031 2.226 -131 0.5779284696892861 0.446025264313602 -0.6834179888739991
536 2.554 0.017 -103 0.9848356110702262 0.1730532259773883 0.012304476695618453
9821 1.844 2.023 159 0.9442841106366973 0.10769627859006642 -0.31101290966278655
4159 0.089 2.043 343 0.4408283555497056 0.14756359123170948 0.8853786463915555
132 1.489 1.941 -269 0.2822970133482565 0.32791755596441124 0.9015422745190497
857 2.739 1.971 214 0.44382003381543306 0.8840678056864346 -0.14645099020778296
7830 0.088 2.586 223 0.5341113950952551 0.7593002524638588 0.3717366597979283
